&l66F                                        CASA AUTREY S.A. DE C.V.                               02/02/1999
                                           SUCURSAL MONTERREY                                            
                                          LOCAL INVOICE SYSTEM                                           
                                    BENAVIDES'S INVOICES DESCRIPTION                                     
AVEF5803/v.1.0                                                                                  PAG :   1
---------------------------------------------------------------------------------------------------------
    Invoice      Cust. ID      Adjust       Note      Prov. Cost    Commission    Pieces    Phar. cost   
--------------- --------- -------------- --------- -------------- -------------- --------- --------------
      100054501   1398172          28.44 100009259       5,281.07         396.08        51       6,705.85
      100054502   1398172           2.21 100009260          49.20           2.21         5          63.08
      100054503   1398172           5.68 100009261         115.43           5.19        10         147.99
      100054504   1398172          51.48 100009262       6,649.39         498.70        83       8,469.24
      100054505   1398172           2.30 100009263          95.11           4.28         6         119.64
      100054506   1391747          54.68 100009264       3,019.73         197.74        59       3,844.15
      100054507   1398172          11.73 100009265       1,330.66          99.80        30       1,696.50
      100054508   1398172           2.25 100009266          35.84           1.61         4          46.72
      100054509   1398172           0.00         0         118.04           8.85         2         147.50
      100054428   1316990           2.92 100009267         309.24          20.59        16         394.56
      100054429   1316990           0.45 100009268           9.84           0.44         1          12.62
      100054510   1398172          48.86 100009269       3,980.67         298.55        63       5,089.35
      100054511   1398172           0.83 100009270          13.25           0.60         1          17.27
      100054430   1316990           1.60 100009271         255.03          18.96        16         321.85
      100054512   1398172          23.52 100009272       1,278.20          95.87        27       1,644.20
      100054431   1316990           0.72 100009273          11.45           0.52         1          14.92
      100054513   1398350           3.05 100009274         251.85          16.23         5         316.58
      100054432   1316990           3.92 100009275         326.17          24.06         8         415.09
      100054514   1393634         282.13 100009276      22,692.44       1,641.59       487      28,884.02
      100054433   1316990           1.65 100009277          38.29           1.66         4          49.09
      100054515   1393634          63.22 100009278       1,228.73          55.29        78       1,578.23
      100054434   1316990          46.72 100009279       3,102.64         232.70        32       3,978.33
      100054516   1398369         184.45 100009280      19,052.79       1,376.89       340      24,130.46
      100054435   1316990           1.77 100009281          48.08           2.16        10          61.20
      100054517   1398369          37.91 100009282         762.57          34.32        39         978.06
      100054436   1316990           0.67 100009283          20.42           1.53         1          26.61
      100054437   1316990           0.67 100009284          13.44           0.60         1          17.23
      100054518   1398857          25.50 100009285       2,690.84         198.12        53       3,429.18
      100054519   1393839         206.48 100009286      23,787.67       1,766.38       430      30,194.61
      100054438   1338277         104.34 100009287       3,712.33         219.09        75       4,748.89
      100054439   1338277           7.10 100009288         133.03           5.99         8         171.14
      100054600   1856766           0.67 100009289          13.44           0.60         1          17.23
      100054601   1346636          27.32 100009290       2,787.23         200.40        63       3,545.89
      100054520   1393839          32.04 100009291         637.09          28.67        34         817.51
      100054602   1346792          25.11 100009292       2,848.38         206.45        62       3,619.22
      100054440   1306146          48.12 100009293       1,992.70         118.57        42       2,540.72
      100054521   1399209           9.76 100009294         798.29          59.87        22       1,018.61
      100054603   1346792           0.95 100009295          19.28           0.87         2          24.72
      100054441   1306146           0.48 100009296           9.64           0.43         1          12.36
      100054522   1399209           1.90 100009297          54.25           2.44         3          68.93
      100054604   1839497           5.93 100009298         912.65          65.44        20       1,158.69
      100054523   1399209           5.17 100009299         693.72          52.03        15         883.44
      100054442   1838180          16.59 100009300       1,010.88          75.26        29       1,293.58
      100054524   1401556           0.05 100009301          46.92           3.52         1          59.40
      100054605   1839497           1.90 100009302          56.95           2.56         3          72.25
      100054443   1838180           6.61 100009303         134.39           6.05        10         172.30
      100054606   1839497           1.83 100009304         202.56          14.71        15         257.76
      100054525   1401556           1.16 100009305          48.03           2.16         1          60.42
      100054444   1856766           5.67 100009306         774.05          57.85        18         985.37
      100054607   1839497           0.50 100009307          28.62           1.29         1          35.78
      100054526   1401556           2.77 100009308         803.51          60.26        17       1,007.95
      100054445   1856766           6.61 100009309         134.39           6.05        10         172.30
                                        CASA AUTREY S.A. DE C.V.                               02/02/1999
                                           SUCURSAL MONTERREY                                            
                                          LOCAL INVOICE SYSTEM                                           
                                    BENAVIDES'S INVOICES DESCRIPTION                                     
AVEF5803/v.1.0                                                                                  PAG :   2
---------------------------------------------------------------------------------------------------------
    Invoice      Cust. ID      Adjust       Note      Prov. Cost    Commission    Pieces    Phar. cost   
--------------- --------- -------------- --------- -------------- -------------- --------- --------------
      100054446   1839497           0.72 100009310          11.45           0.52         1          14.92
      100054527   1401556           0.74 100009311          16.63           0.75         1          21.32
      100054608   1839497           2.34 100009312         359.79          26.98        11         454.47
      100054609   1839497           0.72 100009313          11.45           0.52         1          14.92
      100054447   1839497           0.40 100009314         348.92          24.40         9         438.86
      100054528   1401556           1.44 100009315          99.69           7.48         4         127.77
      100054448   1839497           0.22 100009316           7.08           0.32         1           8.95
      100054529   1401556           1.04 100009317          16.66           0.75         1          21.71
      100054449   1346636          82.27 100009318       4,842.14         328.71       107       6,174.40
      100054610   1839497           0.40 100009319         348.92          24.40         9         438.86
      100054530   1401556           1.66 100009320         111.48           8.36         2         142.94
      100054611   1839497           0.22 100009321           7.08           0.32         1           8.95
      100054612   1839497           0.04 100009322          42.79           3.21         1          54.17
      100054450   1839497           0.04 100009323          42.79           3.21         1          54.17
      100054531   1401556           0.00         0          18.30           0.82         1          22.43
      100054613   1839497           1.29 100009324          41.29           1.86         2          52.28
      100054451   1839497           1.29 100009325          41.29           1.86         2          52.28
      100054532   1401556           0.00         0          58.88           4.42         1          74.06
      100054533   1393847         202.45 100009326      20,860.08       1,550.59       368      26,476.61
      100054614   1839497           2.52 100009327         242.79          16.87         9         309.16
      100054452   1839497           2.52 100009328         242.79          16.87         9         309.16
      100054534   1393847         351.11 100009329       6,784.84         305.32        65       8,716.91
      100054615   1839497           2.84 100009330          45.24           2.04         5          58.97
      100054453   1839497           2.84 100009331          45.24           2.04         5          58.97
      100054616   1839497           0.11 100009332         240.27          18.02         6         301.98
      100054535   1401912         282.20 100009333      22,457.53       1,625.47       447      28,626.41
      100054454   1839497           0.11 100009334         431.18          32.34        15         540.84
      100054536   1401912          33.71 100009335         668.27          30.07        48         857.65
      100054617   1839497           1.87 100009336          13.79           0.62         1          19.15
      100054455   1839497           1.87 100009337          13.79           0.62         1          19.15
      100054537   1393855         187.61 100009338      21,267.51       1,583.89       361      26,986.92
      100054618   1839497           0.35 100009339          50.56           3.79         1          64.35
      100054456   1839497           0.35 100009340          50.56           3.79         1          64.35
      100054538   1393855          51.13 100009341         988.20          44.47        56       1,269.61
      100054619   1839497           0.25 100009342           6.70           0.30         1           8.53
      100054457   1839497           0.25 100009343           6.70           0.30         1           8.53
      100054539   1403028         202.47 100009344      16,205.21       1,176.91       359      20,652.60
      100054458   1346792          26.67 100009345       6,213.89         458.61       114       7,842.09
      100054459   1346792          69.46 100009346       1,411.38          63.51        12       1,809.46
      100054620   1839497          10.76 100009347       1,152.74          85.41        17       1,466.55
      100054540   1403028          91.64 100009348       1,862.10          83.79        32       2,387.30
      100054621   1839497           0.95 100009349          15.06           0.68         1          19.63
      100054622   1839497           3.29 100009350         231.66          17.37         4         296.05
      100054541   1405373          73.91 100009351       2,930.69         182.91        63       3,750.05
      100054460   1839454          38.48 100009352         860.00          38.70        10       1,102.56
      100054623   1839497           0.35 100009353           9.62           0.43         2          12.24
      100054542   1405721          26.07 100009354       1,898.47         135.65        65       2,422.60
      100054461   1839497          31.68 100009355       3,486.46         260.19        46       4,430.27
      100054624   1839497           1.95 100009356         228.49          17.14         2         291.27
      100054543   1406787          64.49 100009357       4,465.79         304.99        90       5,669.39
      100054462   1839497           0.95 100009358          15.06           0.68         1          19.63
      100054625   1839497           0.56 100009359          14.73           0.60         2          18.84
                                        CASA AUTREY S.A. DE C.V.                               02/02/1999
                                           SUCURSAL MONTERREY                                            
                                          LOCAL INVOICE SYSTEM                                           
                                    BENAVIDES'S INVOICES DESCRIPTION                                     
AVEF5803/v.1.0                                                                                  PAG :   3
---------------------------------------------------------------------------------------------------------
    Invoice      Cust. ID      Adjust       Note      Prov. Cost    Commission    Pieces    Phar. cost   
--------------- --------- -------------- --------- -------------- -------------- --------- --------------
      100054544   1406876          31.20 100009360       3,933.43         292.90        84       5,002.07
      100054463   1839497           8.45 100009361       1,099.09          79.42        29       1,397.46
      100054545   1407619          77.02 100009362       7,148.40         525.66       220       9,106.99
      100054626   1839497           0.67 100009363          13.44           0.60         1          17.23
      100054464   1839497          20.76 100009364       1,236.68          92.75        21       1,587.68
      100054546   1407619          24.27 100009365         464.36          20.90        22         596.84
      100054627   1839497           3.02 100009366         140.38          10.35         3         181.10
      100054465   1839497           1.77 100009367          48.08           2.16        10          61.20
      100054628   1851098          19.32 100009368       3,694.70         274.29        55       4,675.90
      100054547   1409018          53.96 100009369       5,551.05         407.75       151       7,066.54
      100054466   1839497           1.90 100009370          56.95           2.56         3          72.25
      100054548   1409018          31.53 100009371         633.04          28.49        26         811.99
      100054629   1851098          50.30 100009372       3,027.76         217.90        98       3,872.17
      100054467   1839497           1.95 100009373         228.49          17.14         2         291.27
      100054549   1406426         451.42 100009374      45,692.72       3,404.53       691      58,234.38
      100054468   1839497           0.56 100009375          14.73           0.60         2          18.84
      100054469   1839497           0.67 100009376          13.44           0.60         1          17.23
      100054630   1851098          25.11 100009377       1,940.20         144.49        41       2,480.96
      100054550   1406426          51.31 100009378         612.59          27.57        23         808.01
      100054631   1851098           0.67 100009379          13.44           0.60         1          17.23
      100054551   1406426           0.09 100009380         549.07          41.18        11         691.41
      100054632   1851098           0.07 100009381           4.78           0.36         1           6.13
      100054470   1839497           3.15 100009382         313.71          23.04        26         399.89
      100054633   1391739          39.10 100009383       3,215.15         235.11        74       4,092.82
      100054552   1409220          44.08 100009384       4,720.53         350.77        88       5,919.79
      100054471   1839497           0.50 100009385          28.62           1.29         1          35.78
      100054634   1391747           8.84 100009386         869.13          62.25        22       1,104.85
      100054553   1409220           7.44 100009387         149.24           6.72        11         191.44
      100054472   1839497           9.27 100009388         447.68          33.39        12         577.10
      100054554   1409441          85.13 100009389       8,038.77         567.33       139      10,211.22
      100054635   1393634         128.05 100009390      10,053.24         736.10       270      12,826.33
      100054473   1839497           2.34 100009391         731.99          54.90        27         919.72
      100054555   1406442         207.98 100009392      25,267.99       1,874.43       377      32,138.51
      100054636   1393634          37.37 100009393         666.82          30.01        45         859.76
      100054474   1851098          20.20 100009394       4,216.70         313.44        87       5,327.58
      100054556   1406442          22.48 100009395         372.17          16.75        22         481.59
      100054475   1851098          38.48 100009396         860.00          38.70        10       1,102.56
      100054557   1406442           1.40 100009397         821.89          61.64        16       1,037.99
      100054476   1851098          79.53 100009398       5,462.99         400.54       131       6,986.91
      100054477   1390465          50.84 100009399       4,152.87         305.98        75       5,300.50
      100054558   1409638           9.92 100009400       2,765.72         201.42        60       3,467.69
      100054559   1409689          28.07 100009401       2,002.99         146.28        61       2,557.56
      100054478   1851098         114.54 100009402       5,522.94         370.33       106       7,049.07
      100054479   1851098           0.67 100009403          13.44           0.60         1          17.23
      100054560   1406639          14.71 100009404       2,692.52         198.20        72       3,394.16
      100054561   1406701         142.64 100009405      14,308.53       1,057.15       260      18,161.28
      100054480   1851098           0.07 100009406           4.78           0.36         1           6.13
      100054481   1390678          95.05 100009407      10,806.68         799.40       257      13,717.54
      100054562   1406701          36.68 100009408         745.45          33.55        44         955.71
      100054482   1395998         107.77 100009409      10,768.91         794.31       268      13,719.79
      100054563   1323881          85.06 100009410       3,753.96         252.59        83       4,799.26
      100054483   1395998          20.70 100009411         416.49          18.22        26         519.98
                                        CASA AUTREY S.A. DE C.V.                               02/02/1999
                                           SUCURSAL MONTERREY                                            
                                          LOCAL INVOICE SYSTEM                                           
                                    BENAVIDES'S INVOICES DESCRIPTION                                     
AVEF5803/v.1.0                                                                                  PAG :   4
---------------------------------------------------------------------------------------------------------
    Invoice      Cust. ID      Adjust       Note      Prov. Cost    Commission    Pieces    Phar. cost   
--------------- --------- -------------- --------- -------------- -------------- --------- --------------
      100054564   1323881          15.19 100009412         308.72          13.89        10         395.80
      100054484   1396730           6.33 100009413       1,418.23         106.37        20       1,794.98
      100054565   1325248         127.01 100009414       8,053.28         554.82       172      10,263.53
      100054485   1396730           0.38 100009415          15.80           0.71         1          19.88
      100054566   1325515           5.51 100009416         343.70          21.30        13         436.29
      100054486   1396730          14.22 100009417       2,759.17         206.94        65       3,479.90
      100054567   1328964          61.38 100009418       2,835.18         178.55        72       3,614.49
      100054487   1396730           1.21 100009419          19.27           0.87         1          25.12
      100054568   1328964          75.95 100009420       1,564.98          71.62        21       2,006.64
      100054488   1396730          14.61 100009421       1,291.86          96.89        23       1,649.25
      100054569   1328964           2.03 100009422         138.04          10.35         1         176.98
      100054489   1397028          77.27 100009423       5,034.67         349.88        87       6,423.60
      100054570   1340298          26.49 100009424       1,955.16         139.38        65       2,483.49
      100054490   1397028           5.68 100009425         115.43           5.19        10         147.99
      100054571   1340298          21.80 100009426         443.12          19.94        20         568.10
      100054491   1397400          84.27 100009427       4,181.71         286.74        54       5,340.25
      100054572   1340395         130.76 100009428      10,447.21         741.57       260      13,301.72
      100054492   1397400           1.78 100009429          79.46           5.96         2         102.40
      100054573   1340395           6.61 100009430         134.39           6.05        10         172.30
      100054493   1390686         328.33 100009431      26,488.49       1,910.86       590      33,667.51
      100054574   1335472          53.70 100009432       3,206.04         203.42        46       4,081.11
      100054494   1390686           8.11 100009433         162.68           7.32        12         208.67
      100054575   1335472          23.13 100009434         470.00          21.15        22         602.56
      100054495   1390694          43.02 100009435       6,221.77         459.80       128       7,857.66
      100054576   1337777          79.25 100009436       6,046.37         432.87       178       7,704.35
      100054496   1390694          11.12 100009437         218.15           9.82        15         280.09
      100054577   1337777          69.41 100009438       1,408.19          63.37        11       1,805.48
      100054497   1397656         326.26 100009439      28,073.71       2,039.11       443      35,770.22
      100054578   1855166          65.16 100009440       2,572.91         156.41        77       3,286.72
      100054498   1397656          41.88 100009441         825.95          38.36        45       1,061.63
      100054579   1850636          51.41 100009442       5,195.17         387.82       100       6,626.77
      100054499   1391739          77.38 100009443       6,912.75         512.43       154       8,790.21
      100054580   1850636          28.90 100009444         587.14          26.42        12         752.75
      100054581   1851934          69.24 100009445       4,028.97         264.80        84       5,110.00
      100054582   1851934          25.80 100009446         508.56          22.89        25         652.83
      100054583   1306146           8.82 100009447         989.60          69.26        21       1,259.59
      100054584   1306146           0.48 100009448           9.64           0.43         1          12.36
      100054585   1316990           1.58 100009449         243.44          15.66         8         309.76
      100054586   1316990           0.45 100009450           9.84           0.44         1          12.62
      100054587   1316990           1.60 100009451         103.54           7.60         7         132.49
      100054588   1316990           0.72 100009452          11.45           0.52         1          14.92
      100054589   1316990           3.92 100009453         326.17          24.06         8         415.09
      100054590   1316990           1.65 100009454          38.29           1.66         4          49.09
      100054591   1316990           7.18 100009455         513.56          38.52         6         657.38
      100054592   1316990           0.18 100009456           4.81           0.22         1           6.12
      100054593   1316990           0.67 100009457          20.42           1.53         1          26.61
      100054594   1316990           0.67 100009458          13.44           0.60         1          17.23
      100054595   1338277          19.54 100009459       1,425.74          99.31        47       1,820.54
      100054596   1338277           7.10 100009460         133.03           5.99         8         171.14
      100054597   1838180          10.01 100009461         497.02          36.73        11         638.56
      100054598   1838180           0.67 100009462          13.44           0.60         1          17.23
      100054599   1856766           4.88 100009463         501.15          37.38        12         638.59
                                        CASA AUTREY S.A. DE C.V.                               02/02/1999
                                           SUCURSAL MONTERREY                                            
                                          LOCAL INVOICE SYSTEM                                           
                                    BENAVIDES'S INVOICES DESCRIPTION                                     
AVEF5803/v.1.0                                                                                  PAG :   5
---------------------------------------------------------------------------------------------------------
    Invoice      Cust. ID      Adjust       Note      Prov. Cost    Commission    Pieces    Phar. cost   
--------------- --------- -------------- --------- -------------- -------------- --------- --------------
         221100   1330926           0.32     23569         291.85          20.47         4         368.84
         221101   1330926           2.76     23570          95.08           7.13         3         123.49
         221102   1330926           0.21     23571           5.81           0.26         1           7.40
         221103   1330926           0.00         0          82.19           6.16         1         103.54
         221104   1330926           0.94     23572          69.97           4.77         1          89.70
         221105   1330926           0.74     23573          16.63           0.75         1          21.32
         221106   1330926           5.07     23574         283.81          21.29         4         364.90
         221107   1330926           0.93     23575          39.73           2.98         1          51.20
         221108   1330926           1.09     23576          14.27           0.58         1          18.78
         221109   1330926           1.61     23577         279.76          20.98         3         354.31
         221110   1330926           1.18     23578          18.67           0.84         1          24.34
         221111   1330926           0.02     23579          61.20           4.59         1          77.42
         221112   1330926           1.11     23580          29.47           1.19         4          37.68
         221113   1330926           0.16     23581          52.59           3.94         1          66.69
         221114   1330926           0.61     23582          25.28           1.14         1          31.80
         221115   1331523          21.78     23583       3,311.37         237.98        76       4,197.74
         221116   1331523          71.63     23584       1,392.10          62.64        10       1,784.74
         221117   1335359         133.82     23585       9,244.96         635.76       202      11,775.21
         221118   1335359         102.61     23586       1,527.86          68.75        14       1,983.34
         221119   1341316          48.14     23587       1,518.55          85.93        31       1,941.64
         221200   1314564          50.34     23588       2,773.52         179.21        79       3,539.85
         221201   1314572          67.16     23589       3,292.84         219.93        75       4,189.61
         221120   1341316          72.13     23590       1,401.74          63.08        11       1,797.10
         221202   1314580          34.10     23591       3,920.26         272.58       114       4,963.48
         221121   1335413          60.90     23592       3,473.73         227.11        70       4,400.44
         221203   1314580           2.13     23593          35.70           1.61         1          46.06
         221122   1335413           5.56     23594          44.35           2.00         2          60.21
         221204   1314467         139.91     23595      10,345.38         732.14       251      13,167.94
         221123   1341324          68.70     23596       4,001.59         260.30       115       5,100.36
         221205   1314467          78.54     23597       1,526.49          68.69        20       1,957.04
         221124   1344439          22.54     23598       1,203.13          83.70        37       1,540.15
         221206   1314467           0.00         0          45.64           3.42         1          56.00
         221125   1344439          74.40     23599       1,475.12          67.57        12       1,891.03
         221126   1347101          10.70     23600         585.52          41.66        20         749.91
         221207   1314483         110.20     23601       6,407.39         434.71       132       8,172.56
         221127   1347101          76.58     23602       1,476.93          66.46        13       1,894.09
         221208   1314483           0.93     23603          39.73           2.98         1          51.20
         221209   1314483           0.08     23604          82.57           6.19         1         104.52
         221128   1347861          16.97     23605       1,923.41         130.78        48       2,436.81
         221129   1347861           2.21     23606          37.74           1.70         4          48.66
         221210   1314599         196.69     23607      12,997.07         892.34       270      16,564.80
         221130   1835254          23.48     23608       2,927.49         217.01        65       3,722.56
         221211   1314599           0.00         0         453.56          34.02         9         570.51
         221131   1835254           0.93     23609          16.09           0.72         1          20.74
         221212   1314505          79.31     23610       5,111.77         341.60       105       6,509.83
         221213   1314505          71.63     23611       1,392.10          62.64        10       1,784.74
         221132   1830058          28.14     23612       1,421.38          94.36        50       1,810.35
         221214   1314505           3.62     23613         529.50          39.71         9         673.92
         221133   1830082          13.05     23614       1,484.45         108.86        43       1,883.00
         221215   1314602          58.89     23615       5,118.78         370.55       139       6,491.94
         221134   1830082          71.63     23616       1,392.10          62.64        10       1,784.74
         221216   1314602         302.47     23617       5,755.43         258.99        13       7,385.23
                                        CASA AUTREY S.A. DE C.V.                               02/02/1999
                                           SUCURSAL MONTERREY                                            
                                          LOCAL INVOICE SYSTEM                                           
                                    BENAVIDES'S INVOICES DESCRIPTION                                     
AVEF5803/v.1.0                                                                                  PAG :   6
---------------------------------------------------------------------------------------------------------
    Invoice      Cust. ID      Adjust       Note      Prov. Cost    Commission    Pieces    Phar. cost   
--------------- --------- -------------- --------- -------------- -------------- --------- --------------
         221135   1835343          92.54     23618       5,127.18         351.77       103       6,539.86
         221217   1314610          17.77     23619       4,341.23         319.95        84       5,497.08
         221136   1834487           1.27     23620         232.32          15.92         8         291.76
         221218   1314610           8.74     23621          85.55           3.85         4         114.11
         221137   1834487          72.13     23622       1,401.74          63.08        11       1,797.10
         221219   1314610           0.00         0          26.00           1.95         1          32.70
         221138   1837915           0.20     23623          17.13           0.77         1          21.29
         221139   1837036          61.18     23624       3,596.96         238.28        53       4,582.53
         221300   1835289          17.23     23625       1,540.58         106.45        50       1,960.18
         221220   1314513          93.87     23626       7,991.13         583.41       156      10,174.40
         221301   1835289           2.22     23627          38.26           1.62         2          49.46
         221221   1314513          76.28     23628       1,567.12          75.29        15       2,010.28
         221302   1339575         306.40     23629      18,886.37       1,315.20       477      24,075.51
         221140   1837915           1.84     23630         116.20           8.71         3         149.12
         221222   1314513          13.71     23631       1,623.51         121.76        11       2,069.40
         221303   1339575          26.52     23632         358.63          16.14        23         468.05
         221141   1837915           4.02     23633         475.38          35.40         6         605.56
         221304   1339575           2.25     23634         364.48          27.34         6         463.63
         221142   1837915           0.77     23635           8.65           0.39         1          11.54
         221223   1314629          58.73     23636       3,803.83         256.91        52       4,831.27
         221143   1837915           0.88     23637          19.68           0.89         2          25.23
         221305   1340522          23.17     23638       1,841.19         131.52        48       2,346.39
         221224   1314629           0.93     23639          39.73           2.98         1          51.20
         221144   1837915          28.78     23640       1,455.41         108.61        12       1,874.58
         221306   1340522           0.70     23641          66.37           4.98         2          84.77
         221225   1314629           0.05     23642          52.72           3.95         1          66.73
         221307   1343769          43.03     23643       2,958.29         206.95        60       3,775.81
         221145   1837915           0.33     23644         235.54          17.37         4         295.53
         221226   1314645          14.05     23645       2,425.00         178.53        46       3,079.65
         221065   1337475          65.30     23646       3,271.41         210.94        79       4,172.17
         221308   1343769           0.69     23647          13.31           0.60         1          17.07
         221146   1837915           0.05     23648          52.72           3.95         1          66.73
         221227   1314645           6.91     23649         134.39           6.05        10         172.30
         221066   1337475           0.88     23650         521.02          39.08        10         656.86
         221309   1343769           0.57     23651          83.27           6.25         1         105.98
         221147   1837915          38.48     23652         860.00          38.70        10       1,102.56
         221228   1314645           0.04     23653          42.79           3.21         1          54.17
         221067   1344501          21.82     23654       1,404.15         101.48        42       1,778.68
         221148   1837915           9.87     23655         616.05          46.20        11         790.74
         221229   1314653         261.99     23656      13,663.90         903.11       357      17,425.23
         221068   1337939          52.20     23657       3,226.74         218.37        60       4,116.77
         221149   1837915           2.53     23658          66.44           2.99         2          84.65
         221069   1337939           1.84     23659          43.28           1.95         1          55.09
         221310   1344846          19.52     23660       2,089.61         151.94        54       2,656.74
         221311   1344846          73.49     23661       1,424.29          64.09        12       1,826.22
         221230   1314653           0.04     23662          83.24           6.24         2         105.05
         221231   1314661          42.87     23663       2,447.97         169.25        88       3,126.62
         221150   1837915          11.04     23664         714.57          53.24        13         916.20
         221312   1344846           0.65     23665          62.87           4.72         2          80.00
         221070   1847155          46.17     23666       2,552.69         162.49        60       3,241.56
         221313   1346105          19.26     23667       1,722.12         122.61        52       2,190.30
         221232   1314661           7.84     23668         174.13           9.03        11         223.50
                                        CASA AUTREY S.A. DE C.V.                               02/02/1999
                                           SUCURSAL MONTERREY                                            
                                          LOCAL INVOICE SYSTEM                                           
                                    BENAVIDES'S INVOICES DESCRIPTION                                     
AVEF5803/v.1.0                                                                                  PAG :   7
---------------------------------------------------------------------------------------------------------
    Invoice      Cust. ID      Adjust       Note      Prov. Cost    Commission    Pieces    Phar. cost   
--------------- --------- -------------- --------- -------------- -------------- --------- --------------
         221151   1855069          24.56     23669       1,529.36         111.28        47       1,956.02
         221314   1835319         175.38     23670      13,181.46         925.83       340      16,800.60
         221233   1314688          86.50     23671       6,467.90         476.27       123       8,259.92
         221152   1855069           5.45     23672          47.88           2.15         2          64.43
         221071   1398938           8.26     23673       1,110.95          83.32        38       1,413.92
         221153   1839446          84.26     23674       8,554.93         626.64       169      10,898.84
         221315   1835319          90.07     23675       1,734.35          79.13        28       2,222.94
         221234   1314688          92.70     23676       1,754.52          78.95        23       2,251.86
         221072   1398938           7.38     23677         139.63           6.28        11         179.21
         221154   1839446           1.05     23678          12.56           0.57         1          16.52
         221235   1314688           2.03     23679         138.04          10.35         1         176.98
         221073   1398938           0.79     23680          25.44           1.14         1          32.20
         221316   1835629           1.56     23681         142.63          10.03         4         181.44
         221317   1348671         202.91     23682       7,298.18         497.44       128       9,298.67
         221236   1314696         105.05     23683       7,534.51         527.78       188       9,589.60
         221074   1398938          17.83     23684       2,317.04         173.78        45       2,939.61
         221155   1844709          39.17     23685       2,268.66         159.37        67       2,902.57
         221318   1348671          80.72     23686       1,574.87          74.44        16       2,022.94
         221237   1314696          10.54     23687         196.92           8.86        15         252.87
         221075   1398938           0.77     23688          31.70           1.43         2          39.88
         221156   1844709          71.63     23689       1,392.10          62.64        10       1,784.74
         221157   1845543           7.17     23690       1,100.74          79.48        17       1,396.92
         221238   1314696           0.00         0         453.56          34.02         9         570.51
         221076   1398938          25.57     23691       2,407.13         180.53        63       3,074.02
         221319   1835955          36.16     23692       3,984.96         284.29        68       5,058.01
         221239   1314718         150.45     23693      13,873.68       1,001.60       255      17,645.10
         221158   1856472          57.78     23694       3,753.03         266.55       118       4,791.75
         221077   1398938           6.05     23695          56.75           2.55         3          75.94
         221078   1398938           0.95     23696          22.72           1.02         1          29.05
         221159   2300869          21.07     23697       1,272.41          95.12        29       1,630.49
         221079   1401629           1.13     23698          17.92           0.81         2          23.36
         221400   1854356          14.67     23699       5,939.04         442.08        65       7,426.40
         221401   1854356          13.54     23700       5,939.04         428.08        65       7,426.40
         221320   1835955           0.93     23701          16.09           0.72         1          20.74
         221240   1314718           0.50     23702           9.64           0.43         1          12.36
         221402   1854356          13.54     23703       5,939.04         428.08        65       7,426.40
         221321   1835955           0.00         0         100.79           7.56         2         126.78
         221241   1314718           0.00         0         121.35           9.10         3         152.64
         221322   1836129          50.75     23704       1,700.22          96.20        38       2,176.45
         221403   1854356           0.00         0       1,860.11          83.70        40          68.90
         221160   1326198           0.52     23705          39.87           2.99         1          51.03
         221242   1314726          18.89     23706       2,712.42         200.34        58       3,442.55
         221323   1830376          65.30     23707       2,976.56         191.33        57       3,790.88
         221404   1854356          13.54     23708       5,939.04         428.08        65       7,426.40
         221080   1409670           1.51     23709          54.45           3.52         2          69.97
         221161   2300990           9.71     23710         854.18          61.32        35       1,085.25
         221243   1314726          81.86     23711       1,805.51          93.17        21       2,317.48
         221324   1830376           0.93     23712          39.73           2.98         1          51.20
         221081   1305301         104.01     23713       5,631.30         389.42       116       7,189.89
         221405   1854356           0.00         0       1,860.11          83.70        40          68.90
         221162   1326198           0.54     23714          22.12           1.00         1          27.83
         221244   1314734          41.91     23715       2,830.27         203.56        76       3,610.69
                                        CASA AUTREY S.A. DE C.V.                               02/02/1999
                                           SUCURSAL MONTERREY                                            
                                          LOCAL INVOICE SYSTEM                                           
                                    BENAVIDES'S INVOICES DESCRIPTION                                     
AVEF5803/v.1.0                                                                                  PAG :   8
---------------------------------------------------------------------------------------------------------
    Invoice      Cust. ID      Adjust       Note      Prov. Cost    Commission    Pieces    Phar. cost   
--------------- --------- -------------- --------- -------------- -------------- --------- --------------
         221082   1305301          21.87     23716         112.30           5.05        10         160.43
         221406   1854356          13.54     23717       5,939.04         428.08        65       7,426.40
         221325   1836897          49.94     23718       3,833.63         275.05        99       4,888.63
         221163   1326198           0.00         0          12.08           0.91         1          15.19
         221407   1854356          13.54     23719       5,939.04         428.08        65       7,426.40
         221083   1322001           8.65     23720       1,049.28          76.78        45       1,332.10
         221245   1314734          72.56     23721       1,408.19          63.37        11       1,805.48
         221326   1836897          80.39     23722       1,511.02          67.89        15       1,940.06
         221164   1326198           0.77     23723          31.70           1.43         2          39.88
         221246   1314734           0.06     23724         614.27          46.07        11         773.12
         221327   1836994          19.61     23725         982.61          70.25        31       1,261.98
         221408   1302795          33.75     23726       2,591.65         186.79        52       3,305.43
         221084   1326228           0.85     23727         121.67           9.13         2         153.98
         221165   1326198           1.06     23728         101.12           7.18         4         129.18
         221247   1314742          14.67     23729         993.64          73.21        30       1,268.59
         221328   1836994           4.65     23730          77.70           3.39         5         100.44
         221409   1302795           4.33     23731          42.55           1.91         2          56.75
         221085   1326228           1.30     23732          29.31           1.32         2          37.56
         221166   1326198           8.46     23733         140.94           6.28        15         183.30
         221167   1326198           0.94     23734          46.30           3.47         1          59.66
         221248   1314742           3.89     23735          73.12           3.19         3          94.03
         221329   1830937          80.54     23736       6,375.41         436.30       188       8,115.56
         221086   1326228          71.63     23737       1,392.10          62.64        10       1,784.74
         221249   1314742           0.06     23738         591.51          44.36        12         744.49
         221087   1326228           0.80     23739         314.57          23.59        11         398.78
         221168   1326198           1.04     23740          16.66           0.75         1          21.71
         221169   1326198           0.62     23741          89.44           6.71         1         113.83
         221088   1326228           0.53     23742          17.11           0.77         1          21.66
         221089   1326244          53.47     23743       1,966.86         112.30        53       2,507.96
         221410   1302795           0.62     23744         140.32          10.52         2         178.20
         221411   1305301          21.53     23745       1,624.25         114.69        45       2,067.87
         221330   1830937          88.49     23746       1,601.61          71.97        24       2,056.74
         221412   1305301           2.18     23747          11.23           0.51         1          16.04
         221331   1837958          67.78     23748       5,727.76         414.03       108       7,296.99
         221250   1314904         245.96     23749      20,979.55       1,524.03       433      26,738.33
         221413   1307754          10.89     23750         881.99          62.84        23       1,121.48
         221332   1837958          21.41     23751         459.38          23.06        16         589.47
         221251   1314904          87.35     23752       1,709.12          76.39        35       2,176.38
         221170   1326198           1.18     23753          18.67           0.84         1          24.34
         221090   1326244          71.63     23754       1,392.10          62.64        10       1,784.74
         221333   1837958           4.83     23755         399.51          29.96         5         510.95
         221252   1314904           0.13     23756         631.69          47.38        12         795.67
         221414   1303694          20.52     23757       1,806.15         122.71        35       2,303.59
         221171   1326198           3.54     23758         449.74          33.56        15         565.22
         221253   1315110          25.87     23759       3,615.09         260.90       101       4,576.65
         221172   1326198           0.95     23760          15.06           0.68         1          19.63
         221415   1303694           0.05     23761          52.72           3.95         1          66.73
         221334   1838210          14.04     23762       1,322.53          91.32        30       1,678.91
         221091   1326015          11.92     23763         965.67          63.62        53       1,221.89
         221173   1326198           0.97     23764         205.68          15.06         5         260.93
         221254   1315153          64.01     23765       4,120.44         296.95       116       5,267.69
         221416   1314289           6.60     23766         259.56          14.06        14         330.43
                                        CASA AUTREY S.A. DE C.V.                               02/02/1999
                                           SUCURSAL MONTERREY                                            
                                          LOCAL INVOICE SYSTEM                                           
                                    BENAVIDES'S INVOICES DESCRIPTION                                     
AVEF5803/v.1.0                                                                                  PAG :   9
---------------------------------------------------------------------------------------------------------
    Invoice      Cust. ID      Adjust       Note      Prov. Cost    Commission    Pieces    Phar. cost   
--------------- --------- -------------- --------- -------------- -------------- --------- --------------
         221335   1838210           2.32     23767          42.97           1.93         3          55.20
         221092   1326198           0.04     23768          46.92           2.71         1          59.40
         221093   1326198           1.76     23769          39.36           1.77         4          50.46
         221336   1839403          16.74     23770       1,065.68          79.74        20       1,367.21
         221255   1315153           0.24     23771           6.18           0.28         1           7.83
         221417   1314289           1.86     23772          79.46           5.96         2         102.40
         221174   1326228          38.48     23773         860.00          38.70        10       1,102.56
         221418   1314459           4.33     23774         325.09          24.38         7         415.42
         221256   1315447          69.93     23775       6,155.82         443.79       148       7,847.47
         221337   1831070         105.61     23776       7,570.21         526.32       201       9,615.06
         221094   1326198           1.24     23777         104.40           7.83        10         133.50
         221175   1326228           0.92     23778          91.12           6.83         2         116.33
         221419   1314459           4.38     23779          22.46           1.01         2          32.09
         221095   1326228           1.14     23780          30.98           1.27         2          39.56
         221257   1315447          78.04     23781       1,509.61          67.93        22       1,935.78
         221338   1831070          88.98     23782       1,660.26          74.71        28       2,132.18
         221176   1326228           0.22     23783           7.08           0.32         1           8.95
         221339   1831070           0.19     23784         205.42          15.41         4         260.03
         221258   1315927          38.43     23785       4,141.94         300.67        75       5,268.97
         221177   1852477          53.34     23786       2,664.40         193.14        72       3,423.19
         221096   1330926           1.76     23787          39.36           1.77         4          50.46
         221259   1315927           0.00         0          26.00           1.95         1          32.70
         221178   1326228           0.70     23788         116.55           8.74         4         143.62
         221097   1330926           2.13     23789         230.57          17.13         6         292.76
         221179   1326228           0.02     23790          63.15           4.43         2          79.59
         221098   1328999          51.35     23791       3,444.28         252.78        74       4,407.28
         221099   1328999          15.89     23792         308.72          13.89        10         395.80
         221420   1314467          63.37     23793       5,031.14         363.19       119       6,414.32
         221340   1840118          62.50     23794       4,045.76         281.33        87       5,153.13
         221421   1314467           1.38     23795          26.88           1.21         2          34.46
         221260   1318551          82.57     23796       4,696.60         320.23        95       5,987.82
         221341   1840118           2.76     23797          53.76           2.42         4          68.92
         221422   1314467           0.00         0          45.64           3.42         1          56.00
         221423   1314416          66.97     23798       7,004.93         502.96       179       8,906.13
         221180   1302795          59.70     23799       4,980.84         363.83       115       6,342.89
         221261   1318551           3.57     23800          61.83           2.78         3          79.67
         221342   1831569          57.78     23801       2,076.22         124.88        45       2,653.29
         221424   1314416          27.18     23802         416.74          18.75         9         540.16
         221181   1302795          72.15     23803       1,397.12          62.87        11       1,791.45
         221343   1840657          82.54     23804       4,346.10         289.46        90       5,545.87
         221262   1323687           0.59     23805           9.40           0.42         1          12.25
         221425   1337475          11.05     23806       1,130.96          80.21        24       1,435.12
         221182   1302795           0.62     23807         140.32          10.52         2         178.20
         221263   1324039          50.92     23808       3,714.45         267.97        87       4,743.78
         221344   1840657          29.20     23809         118.90           5.35         5         176.06
         221345   1854216          22.22     23810       1,955.92         138.38        57       2,493.33
         221183   1314521          88.19     23811       7,772.13         575.74       198       9,894.81
         221426   1337475           0.88     23812         117.86           8.84         2         149.74
         221264   1327674           0.27     23813         213.56          15.70         4         270.11
         221346   1854216          77.06     23814       1,472.09          67.44        13       1,890.03
         221184   1314521          71.63     23815       1,392.10          62.64        10       1,784.74
         221427   1344501          12.32     23816         782.34          54.85        28         997.29
                                        CASA AUTREY S.A. DE C.V.                               02/02/1999
                                           SUCURSAL MONTERREY                                            
                                          LOCAL INVOICE SYSTEM                                           
                                    BENAVIDES'S INVOICES DESCRIPTION                                     
AVEF5803/v.1.0                                                                                  PAG :  10
---------------------------------------------------------------------------------------------------------
    Invoice      Cust. ID      Adjust       Note      Prov. Cost    Commission    Pieces    Phar. cost   
--------------- --------- -------------- --------- -------------- -------------- --------- --------------
         221265   1327674           1.12     23817          75.93           5.69         1          97.35
         221347   1854259          50.59     23818       3,392.45         246.73        47       4,335.58
         221428   1847155           4.92     23819         752.78          54.92        25         953.82
         221185   1303694          32.16     23820       3,087.27         218.79        60       3,937.53
         221266   1327674           0.45     23821           9.84           0.44         1          12.62
         221429   1337939          13.83     23822       1,169.35          77.51        25       1,488.88
         221348   1854259           6.95     23823          87.64           3.94         4         114.87
         221186   1303694           0.05     23824          52.72           3.95         1          66.73
         221267   1327674           1.18     23825         331.35          24.52        15         417.98
         221349   1854283          10.53     23826         845.14          58.33        19       1,073.72
         221268   1327674          38.48     23827         860.00          38.70        10       1,102.56
         221187   1314548          78.74     23828       4,427.86         276.17       107       5,635.66
         221269   1327674           0.29     23829          12.68           0.95         1          16.38
         221188   1314548           8.52     23830         162.91           7.12        12         209.33
         221189   1314548           2.03     23831         239.17          17.94         2         304.18
         221430   1337939           1.84     23832          43.28           1.95         1          55.09
         221350   1854283           6.04     23833         108.35           4.88         8         139.39
         221431   1398938           2.98     23834         376.42          28.23        11         478.73
         221432   1398938           2.63     23835          47.28           2.13         3          60.82
         221270   1327674           0.72     23836          11.45           0.52         1          14.92
         221351   1854313          13.85     23837         870.61          61.54        23       1,111.43
         221433   1398938           0.79     23838          25.44           1.14         1          32.20
         221190   1307754          19.24     23839       2,341.25         172.03        42       2,971.11
         221352   1843257         133.89     23840       7,560.93         519.54       245       9,626.96
         221271   1327674          15.37     23841       2,381.37         175.25        43       3,026.04
         221434   1398938           6.82     23842         501.92          37.64        11         640.21
         221353   1843257          19.03     23843         370.00          16.65        21         474.36
         221191   1314289          10.99     23844         626.81          34.79        29         792.04
         221272   1327674           0.53     23845          17.21           0.77         1          21.78
         221435   1398938           0.77     23846          31.70           1.43         2          39.88
         221192   1314289           1.86     23847          79.46           5.96         2         102.40
         221273   1327674          22.00     23848       1,270.06          94.15        21       1,628.56
         221354   1854356          15.96     23849       1,280.06          92.70        36       1,629.51
         221193   1314556          99.17     23850      12,212.67         897.32       233      15,510.18
         221274   1327674           1.44     23851          30.02           1.35         2          38.60
         221355   1854356           1.58     23852          15.06           0.68         3          20.13
         221356   1854410           9.82     23853         699.22          51.63        15         893.71
         221194   1314556           1.43     23854          49.37           3.41         2          63.56
         221275   1327674           0.01     23855          15.48           1.16         1          19.60
         221276   1327895          70.24     23856       4,590.35         322.48       130       5,857.69
         221357   1854410          71.63     23857       1,392.10          62.64        10       1,784.74
         221195   1314556           1.80     23858         132.62           9.95         3         169.84
         221358   1844520          28.46     23859       1,932.46         136.50        50       2,456.50
         221277   1327895           4.51     23860          31.78           1.43         1          43.69
         221196   1314416         171.32     23861      17,650.69       1,291.90       342      22,461.54
         221359   1844520           3.01     23862          80.05           4.79         4         102.89
         221197   1314416         102.95     23863       1,925.67          86.66        23       2,472.76
         221278   1329510           9.69     23864         996.13          70.22        29       1,266.77
         221198   1314459           6.85     23865         511.54          38.37        16         654.19
         221279   1329510           0.99     23866          19.28           0.87         2          24.72
         221199   1314459          21.87     23867         112.30           5.05        10         160.43
         221360   1854437          34.84     23868       2,843.11         209.38        51       3,631.66
                                        CASA AUTREY S.A. DE C.V.                               02/02/1999
                                           SUCURSAL MONTERREY                                            
                                          LOCAL INVOICE SYSTEM                                           
                                    BENAVIDES'S INVOICES DESCRIPTION                                     
AVEF5803/v.1.0                                                                                  PAG :  11
---------------------------------------------------------------------------------------------------------
    Invoice      Cust. ID      Adjust       Note      Prov. Cost    Commission    Pieces    Phar. cost   
--------------- --------- -------------- --------- -------------- -------------- --------- --------------
         221280   1330705          60.21     23869       3,193.19         202.65        82       4,062.52
         221361   1854542          29.62     23870       1,476.31         107.75        23       1,899.16
         221281   1330705           5.29     23871          61.28           2.76         3          80.76
         221362   1844598         132.39     23872      11,557.24         835.01       202      14,719.71
         221282   1331701         113.93     23873       7,404.41         522.47       211       9,446.63
         221363   1844598          74.72     23874       1,436.51          64.64        14       1,842.50
         221283   1331701          96.66     23875       1,804.00          81.08        37       2,313.90
         221364   1855123          80.24     23876       6,079.64         437.01       159       7,759.84
         221284   1334077          57.41     23877       3,547.69         245.66       123       4,526.15
         221365   1855123          22.11     23878         387.82          17.35        17         496.58
         221285   1334077          88.96     23879       1,718.22          77.32        44       2,203.39
         221366   1854186          11.02     23880         626.11          44.77        22         798.63
         221367   1856138          58.54     23881       2,686.09         168.34        44       3,423.76
         221286   1334107           1.17     23882          86.34           3.35         5         110.41
         221287   1334727          52.92     23883       2,159.29         130.65        46       2,753.31
         221368   1855921         162.37     23884       5,899.11         372.99       118       7,534.10
         221288   1334727           0.52     23885           5.02           0.23         1           6.71
         221369   1856162          54.07     23886       3,351.00         234.99        93       4,280.03
         221289   1337289         114.22     23887       8,303.73         578.66       198      10,597.48
         221370   1856197          53.39     23888       3,373.61         230.13       111       4,299.86
         221290   1337289          95.39     23889       1,728.16          77.66        32       2,219.37
         221371   1857428          32.44     23890       2,681.35         194.35        59       3,404.57
         221291   1338951          23.14     23891       1,872.66         130.07        53       2,382.85
         221372   2301873           0.97     23892           6.28           0.28         1           7.53
         221292   1831607          18.97     23893       1,225.83          83.92        26       1,564.20
         221373   2301873          66.97     23894       3,338.75         218.05        77       4,259.56
         221374   2301873          17.65     23895         237.00          10.61        21         308.01
         221293   1831860          70.19     23896       3,540.00         230.46        67       4,516.00
         221375   1854356          16.48     23897       5,275.79         395.68        55       6,594.45
         221294   1831860           0.93     23898          16.09           0.72         1          20.74
         221295   1832476          24.51     23899       1,962.90         138.80        46       2,500.77
         221376   1854356           5.31     23900         111.49           5.02        10         142.50
         221296   1832476           4.30     23901          78.57           3.43         5         101.15
         221377   1854356          16.48     23902       5,275.79         395.68        55       6,594.45
         221297   1832476           1.12     23903          75.93           5.69         1          97.35
         221378   1854356           5.31     23904       1,971.60          88.72        50       2,040.57
         221298   1833391          11.78     23905         828.32          58.27        20       1,057.01
         221379   1854356          16.48     23906       5,275.79         395.68        55       6,594.45
         221299   1833391         293.45     23907       5,703.08         256.64        12       7,311.64
         221380   1854356           5.31     23908       1,971.60          88.72        50       2,040.57
         221381   1854356          21.79     23909       7,247.38         484.41       105       8,635.02
         221382   1854356          21.79     23910       7,247.38         484.41       105       8,635.02
         221383   1854356          21.79     23911       7,247.38         484.41       105       8,635.02
         221384   1854356          21.79     23912       7,247.38         484.41       105       8,635.02
         221385   1854356          21.79     23913       5,387.27         400.70        65       6,736.95
         221386   1854356           0.00         0       1,860.11          83.70        40       1,898.07
         221387   1854356          21.79     23914       5,387.27         400.70        65       6,736.95
         221388   1854356           0.00         0       1,860.11          83.70        40       1,898.07
         221389   1854356          17.65     23915       5,106.47         379.64        55       6,376.95
         221390   1854356          21.79     23916       7,247.38         484.41       105       8,635.02
         221391   1854356          21.79     23917       7,247.38         484.41       105       8,635.02
         221392   1854356          21.79     23918       5,387.27         400.70        65       6,736.95
                                        CASA AUTREY S.A. DE C.V.                               02/02/1999
                                           SUCURSAL MONTERREY                                            
                                          LOCAL INVOICE SYSTEM                                           
                                    BENAVIDES'S INVOICES DESCRIPTION                                     
AVEF5803/v.1.0                                                                                  PAG :  12
---------------------------------------------------------------------------------------------------------
    Invoice      Cust. ID      Adjust       Note      Prov. Cost    Commission    Pieces    Phar. cost   
--------------- --------- -------------- --------- -------------- -------------- --------- --------------
         221393   1854356          21.79     23919       5,387.27         400.70        65       6,736.95
         221394   1854356          21.79     23920       5,387.27         400.70        65       6,736.95
         221395   1854356          21.79     23921       5,387.27         400.70        65       6,736.95
         221396   1854356          21.79     23922       5,387.27         400.70        65       6,736.95
         221397   1854356          21.79     23923       5,387.27         400.70        65       6,736.95
         221398   1854356          21.79     23924       5,387.27         400.70        65       6,736.95
         221399   1854356          38.21     23925       5,741.41         416.09        65       7,187.13
      100054500   1391739          68.51 100009464       1,392.10          62.64        10       1,784.74
                         ---------------           -------------- -------------- --------- --------------
     Total amount  :           19,737.94             1,366,922.55      94,739.20     27813   1,728,550.64
                                                                                                         
Total number of notes  :        563                                                                      
                                                                                                         
End of report                                                                                            
